(kicad_pcb (version 20171130) (host pcbnew "(5.1.9-0-10_14)")

  (general
    (thickness 1.6)
    (drawings 26)
    (tracks 457)
    (zones 0)
    (modules 30)
    (nets 48)
  )

  (page A4)
  (title_block
    (title "Intex Wireless Controller")
    (date 2021-01-02)
    (rev 1.0)
    (company maurik69@gmail.com)
    (comment 1 https://github.com/maurik69/diyscip)
  )

  (layers
    (0 F.Cu signal)
    (31 B.Cu signal)
    (32 B.Adhes user)
    (33 F.Adhes user)
    (34 B.Paste user)
    (35 F.Paste user)
    (36 B.SilkS user)
    (37 F.SilkS user)
    (38 B.Mask user)
    (39 F.Mask user)
    (40 Dwgs.User user)
    (41 Cmts.User user)
    (42 Eco1.User user)
    (43 Eco2.User user)
    (44 Edge.Cuts user)
    (45 Margin user)
    (46 B.CrtYd user hide)
    (47 F.CrtYd user)
    (48 B.Fab user hide)
    (49 F.Fab user hide)
  )

  (setup
    (last_trace_width 0.25)
    (trace_clearance 0.2)
    (zone_clearance 0.508)
    (zone_45_only no)
    (trace_min 0.2)
    (via_size 0.8)
    (via_drill 0.4)
    (via_min_size 0.4)
    (via_min_drill 0.3)
    (uvia_size 0.3)
    (uvia_drill 0.1)
    (uvias_allowed no)
    (uvia_min_size 0.2)
    (uvia_min_drill 0.1)
    (edge_width 0.1)
    (segment_width 0.2)
    (pcb_text_width 0.3)
    (pcb_text_size 1.5 1.5)
    (mod_edge_width 0.15)
    (mod_text_size 1 1)
    (mod_text_width 0.15)
    (pad_size 1.524 1.524)
    (pad_drill 0.762)
    (pad_to_mask_clearance 0)
    (aux_axis_origin 0 0)
    (visible_elements FFFFFF7F)
    (pcbplotparams
      (layerselection 0x010fc_ffffffff)
      (usegerberextensions false)
      (usegerberattributes true)
      (usegerberadvancedattributes true)
      (creategerberjobfile true)
      (excludeedgelayer true)
      (linewidth 0.100000)
      (plotframeref false)
      (viasonmask false)
      (mode 1)
      (useauxorigin false)
      (hpglpennumber 1)
      (hpglpenspeed 20)
      (hpglpendiameter 15.000000)
      (psnegative false)
      (psa4output false)
      (plotreference true)
      (plotvalue true)
      (plotinvisibletext false)
      (padsonsilk false)
      (subtractmaskfromsilk false)
      (outputformat 1)
      (mirror false)
      (drillshape 0)
      (scaleselection 1)
      (outputdirectory "gerber/"))
  )

  (net 0 "")
  (net 1 GND)
  (net 2 +5V)
  (net 3 +3V3)
  (net 4 "Net-(IC1-Pad15)")
  (net 5 "Net-(IC1-Pad14)")
  (net 6 "Net-(IC1-Pad13)")
  (net 7 "Net-(IC1-Pad12)")
  (net 8 "Net-(IC1-Pad11)")
  (net 9 "Net-(IC1-Pad10)")
  (net 10 "Net-(IC1-Pad9)")
  (net 11 "Net-(IC1-Pad6)")
  (net 12 "Net-(IC1-Pad5)")
  (net 13 "Net-(IC1-Pad4)")
  (net 14 "Net-(IC1-Pad3)")
  (net 15 "Net-(IC1-Pad2)")
  (net 16 "Net-(IC1-Pad1)")
  (net 17 "Net-(IC2-Pad15)")
  (net 18 "Net-(IC2-Pad14)")
  (net 19 "Net-(IC2-Pad13)")
  (net 20 "Net-(IC2-Pad12)")
  (net 21 "Net-(IC2-Pad6)")
  (net 22 "Net-(IC2-Pad5)")
  (net 23 "Net-(IC2-Pad4)")
  (net 24 "Net-(IC2-Pad2)")
  (net 25 "Net-(IC2-Pad1)")
  (net 26 DATA_TTL)
  (net 27 HOLD_TTL)
  (net 28 CLK_TTL)
  (net 29 "Net-(IC3-Pad10)")
  (net 30 "Net-(IC3-Pad9)")
  (net 31 "Net-(IC4-Pad10)")
  (net 32 "Net-(IC4-Pad9)")
  (net 33 "Net-(J3-Pad2)")
  (net 34 "Net-(J3-Pad1)")
  (net 35 DATA_CMOS)
  (net 36 HOLD_CMOS)
  (net 37 CLK_CMOS)
  (net 38 "Net-(R7-Pad1)")
  (net 39 "Net-(R8-Pad2)")
  (net 40 "Net-(R12-Pad2)")
  (net 41 "Net-(U2-Pad14)")
  (net 42 "Net-(U2-Pad13)")
  (net 43 "Net-(U2-Pad12)")
  (net 44 "Net-(U2-Pad11)")
  (net 45 "Net-(U2-Pad10)")
  (net 46 "Net-(U2-Pad9)")
  (net 47 "Net-(R9-Pad2)")

  (net_class Default "This is the default net class."
    (clearance 0.2)
    (trace_width 0.25)
    (via_dia 0.8)
    (via_drill 0.4)
    (uvia_dia 0.3)
    (uvia_drill 0.1)
    (add_net +3V3)
    (add_net +5V)
    (add_net CLK_CMOS)
    (add_net CLK_TTL)
    (add_net DATA_CMOS)
    (add_net DATA_TTL)
    (add_net GND)
    (add_net HOLD_CMOS)
    (add_net HOLD_TTL)
    (add_net "Net-(IC1-Pad1)")
    (add_net "Net-(IC1-Pad10)")
    (add_net "Net-(IC1-Pad11)")
    (add_net "Net-(IC1-Pad12)")
    (add_net "Net-(IC1-Pad13)")
    (add_net "Net-(IC1-Pad14)")
    (add_net "Net-(IC1-Pad15)")
    (add_net "Net-(IC1-Pad2)")
    (add_net "Net-(IC1-Pad3)")
    (add_net "Net-(IC1-Pad4)")
    (add_net "Net-(IC1-Pad5)")
    (add_net "Net-(IC1-Pad6)")
    (add_net "Net-(IC1-Pad9)")
    (add_net "Net-(IC2-Pad1)")
    (add_net "Net-(IC2-Pad12)")
    (add_net "Net-(IC2-Pad13)")
    (add_net "Net-(IC2-Pad14)")
    (add_net "Net-(IC2-Pad15)")
    (add_net "Net-(IC2-Pad2)")
    (add_net "Net-(IC2-Pad4)")
    (add_net "Net-(IC2-Pad5)")
    (add_net "Net-(IC2-Pad6)")
    (add_net "Net-(IC3-Pad10)")
    (add_net "Net-(IC3-Pad9)")
    (add_net "Net-(IC4-Pad10)")
    (add_net "Net-(IC4-Pad9)")
    (add_net "Net-(J3-Pad1)")
    (add_net "Net-(J3-Pad2)")
    (add_net "Net-(R12-Pad2)")
    (add_net "Net-(R7-Pad1)")
    (add_net "Net-(R8-Pad2)")
    (add_net "Net-(R9-Pad2)")
    (add_net "Net-(U2-Pad10)")
    (add_net "Net-(U2-Pad11)")
    (add_net "Net-(U2-Pad12)")
    (add_net "Net-(U2-Pad13)")
    (add_net "Net-(U2-Pad14)")
    (add_net "Net-(U2-Pad9)")
  )

  (module Connector_PinHeader_2.54mm:PinHeader_1x05_P2.54mm_Vertical (layer F.Cu) (tedit 59FED5CC) (tstamp 5FF13843)
    (at 197.358 104.902 270)
    (descr "Through hole straight pin header, 1x05, 2.54mm pitch, single row")
    (tags "Through hole pin header THT 1x05 2.54mm single row")
    (path /5FEEC53B)
    (fp_text reference J3 (at 0 -2.33 90) (layer F.SilkS)
      (effects (font (size 1 1) (thickness 0.15)))
    )
    (fp_text value Conn_01x05_Male (at 0 12.49 90) (layer F.Fab)
      (effects (font (size 1 1) (thickness 0.15)))
    )
    (fp_line (start 1.8 -1.8) (end -1.8 -1.8) (layer F.CrtYd) (width 0.05))
    (fp_line (start 1.8 11.95) (end 1.8 -1.8) (layer F.CrtYd) (width 0.05))
    (fp_line (start -1.8 11.95) (end 1.8 11.95) (layer F.CrtYd) (width 0.05))
    (fp_line (start -1.8 -1.8) (end -1.8 11.95) (layer F.CrtYd) (width 0.05))
    (fp_line (start -1.33 -1.33) (end 0 -1.33) (layer F.SilkS) (width 0.12))
    (fp_line (start -1.33 0) (end -1.33 -1.33) (layer F.SilkS) (width 0.12))
    (fp_line (start -1.33 1.27) (end 1.33 1.27) (layer F.SilkS) (width 0.12))
    (fp_line (start 1.33 1.27) (end 1.33 11.49) (layer F.SilkS) (width 0.12))
    (fp_line (start -1.33 1.27) (end -1.33 11.49) (layer F.SilkS) (width 0.12))
    (fp_line (start -1.33 11.49) (end 1.33 11.49) (layer F.SilkS) (width 0.12))
    (fp_line (start -1.27 -0.635) (end -0.635 -1.27) (layer F.Fab) (width 0.1))
    (fp_line (start -1.27 11.43) (end -1.27 -0.635) (layer F.Fab) (width 0.1))
    (fp_line (start 1.27 11.43) (end -1.27 11.43) (layer F.Fab) (width 0.1))
    (fp_line (start 1.27 -1.27) (end 1.27 11.43) (layer F.Fab) (width 0.1))
    (fp_line (start -0.635 -1.27) (end 1.27 -1.27) (layer F.Fab) (width 0.1))
    (fp_text user %R (at 0 5.08) (layer F.Fab)
      (effects (font (size 1 1) (thickness 0.15)))
    )
    (pad 5 thru_hole oval (at 0 10.16 270) (size 1.7 1.7) (drill 1) (layers *.Cu *.Mask)
      (net 1 GND))
    (pad 4 thru_hole oval (at 0 7.62 270) (size 1.7 1.7) (drill 1) (layers *.Cu *.Mask)
      (net 3 +3V3))
    (pad 3 thru_hole oval (at 0 5.08 270) (size 1.7 1.7) (drill 1) (layers *.Cu *.Mask)
      (net 21 "Net-(IC2-Pad6)"))
    (pad 2 thru_hole oval (at 0 2.54 270) (size 1.7 1.7) (drill 1) (layers *.Cu *.Mask)
      (net 33 "Net-(J3-Pad2)"))
    (pad 1 thru_hole rect (at 0 0 270) (size 1.7 1.7) (drill 1) (layers *.Cu *.Mask)
      (net 34 "Net-(J3-Pad1)"))
    (model ${KISYS3DMOD}/Connector_PinHeader_2.54mm.3dshapes/PinHeader_1x05_P2.54mm_Vertical.wrl
      (at (xyz 0 0 0))
      (scale (xyz 1 1 1))
      (rotate (xyz 0 0 0))
    )
  )

  (module Resistor_SMD:R_0603_1608Metric (layer F.Cu) (tedit 5F68FEEE) (tstamp 5FF13583)
    (at 189.2295 83.947 180)
    (descr "Resistor SMD 0603 (1608 Metric), square (rectangular) end terminal, IPC_7351 nominal, (Body size source: IPC-SM-782 page 72, https://www.pcb-3d.com/wordpress/wp-content/uploads/ipc-sm-782a_amendment_1_and_2.pdf), generated with kicad-footprint-generator")
    (tags resistor)
    (path /6012C1D6)
    (attr smd)
    (fp_text reference TH1 (at -0.1275 -1.7145) (layer F.SilkS)
      (effects (font (size 1 1) (thickness 0.15)))
    )
    (fp_text value "Thermistor NTC 10K" (at 0 1.43) (layer F.Fab)
      (effects (font (size 1 1) (thickness 0.15)))
    )
    (fp_line (start 1.48 0.73) (end -1.48 0.73) (layer F.CrtYd) (width 0.05))
    (fp_line (start 1.48 -0.73) (end 1.48 0.73) (layer F.CrtYd) (width 0.05))
    (fp_line (start -1.48 -0.73) (end 1.48 -0.73) (layer F.CrtYd) (width 0.05))
    (fp_line (start -1.48 0.73) (end -1.48 -0.73) (layer F.CrtYd) (width 0.05))
    (fp_line (start -0.237258 0.5225) (end 0.237258 0.5225) (layer F.SilkS) (width 0.12))
    (fp_line (start -0.237258 -0.5225) (end 0.237258 -0.5225) (layer F.SilkS) (width 0.12))
    (fp_line (start 0.8 0.4125) (end -0.8 0.4125) (layer F.Fab) (width 0.1))
    (fp_line (start 0.8 -0.4125) (end 0.8 0.4125) (layer F.Fab) (width 0.1))
    (fp_line (start -0.8 -0.4125) (end 0.8 -0.4125) (layer F.Fab) (width 0.1))
    (fp_line (start -0.8 0.4125) (end -0.8 -0.4125) (layer F.Fab) (width 0.1))
    (fp_text user %R (at 0 0) (layer F.Fab)
      (effects (font (size 0.4 0.4) (thickness 0.06)))
    )
    (pad 2 smd roundrect (at 0.825 0 180) (size 0.8 0.95) (layers F.Cu F.Paste F.Mask) (roundrect_rratio 0.25)
      (net 38 "Net-(R7-Pad1)"))
    (pad 1 smd roundrect (at -0.825 0 180) (size 0.8 0.95) (layers F.Cu F.Paste F.Mask) (roundrect_rratio 0.25)
      (net 3 +3V3))
    (model ${KISYS3DMOD}/Resistor_SMD.3dshapes/R_0603_1608Metric.wrl
      (at (xyz 0 0 0))
      (scale (xyz 1 1 1))
      (rotate (xyz 0 0 0))
    )
  )

  (module Resistor_SMD:R_0603_1608Metric (layer F.Cu) (tedit 5F68FEEE) (tstamp 5FF09CB5)
    (at 196.9765 83.947)
    (descr "Resistor SMD 0603 (1608 Metric), square (rectangular) end terminal, IPC_7351 nominal, (Body size source: IPC-SM-782 page 72, https://www.pcb-3d.com/wordpress/wp-content/uploads/ipc-sm-782a_amendment_1_and_2.pdf), generated with kicad-footprint-generator")
    (tags resistor)
    (path /600A116E)
    (attr smd)
    (fp_text reference R7 (at 2.35 0) (layer F.SilkS)
      (effects (font (size 1 1) (thickness 0.15)))
    )
    (fp_text value 10k (at 0 1.43) (layer F.Fab)
      (effects (font (size 1 1) (thickness 0.15)))
    )
    (fp_line (start 1.48 0.73) (end -1.48 0.73) (layer F.CrtYd) (width 0.05))
    (fp_line (start 1.48 -0.73) (end 1.48 0.73) (layer F.CrtYd) (width 0.05))
    (fp_line (start -1.48 -0.73) (end 1.48 -0.73) (layer F.CrtYd) (width 0.05))
    (fp_line (start -1.48 0.73) (end -1.48 -0.73) (layer F.CrtYd) (width 0.05))
    (fp_line (start -0.237258 0.5225) (end 0.237258 0.5225) (layer F.SilkS) (width 0.12))
    (fp_line (start -0.237258 -0.5225) (end 0.237258 -0.5225) (layer F.SilkS) (width 0.12))
    (fp_line (start 0.8 0.4125) (end -0.8 0.4125) (layer F.Fab) (width 0.1))
    (fp_line (start 0.8 -0.4125) (end 0.8 0.4125) (layer F.Fab) (width 0.1))
    (fp_line (start -0.8 -0.4125) (end 0.8 -0.4125) (layer F.Fab) (width 0.1))
    (fp_line (start -0.8 0.4125) (end -0.8 -0.4125) (layer F.Fab) (width 0.1))
    (fp_text user %R (at 0 0) (layer F.Fab)
      (effects (font (size 0.4 0.4) (thickness 0.06)))
    )
    (pad 2 smd roundrect (at 0.825 0) (size 0.8 0.95) (layers F.Cu F.Paste F.Mask) (roundrect_rratio 0.25)
      (net 1 GND))
    (pad 1 smd roundrect (at -0.825 0) (size 0.8 0.95) (layers F.Cu F.Paste F.Mask) (roundrect_rratio 0.25)
      (net 38 "Net-(R7-Pad1)"))
    (model ${KISYS3DMOD}/Resistor_SMD.3dshapes/R_0603_1608Metric.wrl
      (at (xyz 0 0 0))
      (scale (xyz 1 1 1))
      (rotate (xyz 0 0 0))
    )
  )

  (module RF_Module:ESP-12E (layer F.Cu) (tedit 5A030172) (tstamp 5FF134CF)
    (at 187.888 93.873 270)
    (descr "Wi-Fi Module, http://wiki.ai-thinker.com/_media/esp8266/docs/aithinker_esp_12f_datasheet_en.pdf")
    (tags "Wi-Fi Module")
    (path /5FEE667F)
    (attr smd)
    (fp_text reference U2 (at -0.528 0.563 90) (layer F.SilkS)
      (effects (font (size 1 1) (thickness 0.15)))
    )
    (fp_text value ESP-12E (at -0.06 -12.78 90) (layer F.Fab)
      (effects (font (size 1 1) (thickness 0.15)))
    )
    (fp_line (start 5.56 -4.8) (end 8.12 -7.36) (layer Dwgs.User) (width 0.12))
    (fp_line (start 2.56 -4.8) (end 8.12 -10.36) (layer Dwgs.User) (width 0.12))
    (fp_line (start -0.44 -4.8) (end 6.88 -12.12) (layer Dwgs.User) (width 0.12))
    (fp_line (start -3.44 -4.8) (end 3.88 -12.12) (layer Dwgs.User) (width 0.12))
    (fp_line (start -6.44 -4.8) (end 0.88 -12.12) (layer Dwgs.User) (width 0.12))
    (fp_line (start -8.12 -6.12) (end -2.12 -12.12) (layer Dwgs.User) (width 0.12))
    (fp_line (start -8.12 -9.12) (end -5.12 -12.12) (layer Dwgs.User) (width 0.12))
    (fp_line (start -8.12 -4.8) (end -8.12 -12.12) (layer Dwgs.User) (width 0.12))
    (fp_line (start 8.12 -4.8) (end -8.12 -4.8) (layer Dwgs.User) (width 0.12))
    (fp_line (start 8.12 -12.12) (end 8.12 -4.8) (layer Dwgs.User) (width 0.12))
    (fp_line (start -8.12 -12.12) (end 8.12 -12.12) (layer Dwgs.User) (width 0.12))
    (fp_line (start -8.12 -4.5) (end -8.73 -4.5) (layer F.SilkS) (width 0.12))
    (fp_line (start -8.12 -4.5) (end -8.12 -12.12) (layer F.SilkS) (width 0.12))
    (fp_line (start -8.12 12.12) (end -8.12 11.5) (layer F.SilkS) (width 0.12))
    (fp_line (start -6 12.12) (end -8.12 12.12) (layer F.SilkS) (width 0.12))
    (fp_line (start 8.12 12.12) (end 6 12.12) (layer F.SilkS) (width 0.12))
    (fp_line (start 8.12 11.5) (end 8.12 12.12) (layer F.SilkS) (width 0.12))
    (fp_line (start 8.12 -12.12) (end 8.12 -4.5) (layer F.SilkS) (width 0.12))
    (fp_line (start -8.12 -12.12) (end 8.12 -12.12) (layer F.SilkS) (width 0.12))
    (fp_line (start -9.05 13.1) (end -9.05 -12.2) (layer F.CrtYd) (width 0.05))
    (fp_line (start 9.05 13.1) (end -9.05 13.1) (layer F.CrtYd) (width 0.05))
    (fp_line (start 9.05 -12.2) (end 9.05 13.1) (layer F.CrtYd) (width 0.05))
    (fp_line (start -9.05 -12.2) (end 9.05 -12.2) (layer F.CrtYd) (width 0.05))
    (fp_line (start -8 -4) (end -8 -12) (layer F.Fab) (width 0.12))
    (fp_line (start -7.5 -3.5) (end -8 -4) (layer F.Fab) (width 0.12))
    (fp_line (start -8 -3) (end -7.5 -3.5) (layer F.Fab) (width 0.12))
    (fp_line (start -8 12) (end -8 -3) (layer F.Fab) (width 0.12))
    (fp_line (start 8 12) (end -8 12) (layer F.Fab) (width 0.12))
    (fp_line (start 8 -12) (end 8 12) (layer F.Fab) (width 0.12))
    (fp_line (start -8 -12) (end 8 -12) (layer F.Fab) (width 0.12))
    (fp_text user %R (at 0.49 -0.8 90) (layer F.Fab)
      (effects (font (size 1 1) (thickness 0.15)))
    )
    (fp_text user "KEEP-OUT ZONE" (at 0.03 -9.55 270) (layer Cmts.User)
      (effects (font (size 1 1) (thickness 0.15)))
    )
    (fp_text user Antenna (at -0.06 -7 270) (layer Cmts.User)
      (effects (font (size 1 1) (thickness 0.15)))
    )
    (pad 22 smd rect (at 7.6 -3.5 270) (size 2.5 1) (layers F.Cu F.Paste F.Mask)
      (net 34 "Net-(J3-Pad1)"))
    (pad 21 smd rect (at 7.6 -1.5 270) (size 2.5 1) (layers F.Cu F.Paste F.Mask)
      (net 33 "Net-(J3-Pad2)"))
    (pad 20 smd rect (at 7.6 0.5 270) (size 2.5 1) (layers F.Cu F.Paste F.Mask)
      (net 8 "Net-(IC1-Pad11)"))
    (pad 19 smd rect (at 7.6 2.5 270) (size 2.5 1) (layers F.Cu F.Paste F.Mask)
      (net 9 "Net-(IC1-Pad10)"))
    (pad 18 smd rect (at 7.6 4.5 270) (size 2.5 1) (layers F.Cu F.Paste F.Mask)
      (net 21 "Net-(IC2-Pad6)"))
    (pad 17 smd rect (at 7.6 6.5 270) (size 2.5 1) (layers F.Cu F.Paste F.Mask)
      (net 40 "Net-(R12-Pad2)"))
    (pad 16 smd rect (at 7.6 8.5 270) (size 2.5 1) (layers F.Cu F.Paste F.Mask)
      (net 10 "Net-(IC1-Pad9)"))
    (pad 15 smd rect (at 7.6 10.5 270) (size 2.5 1) (layers F.Cu F.Paste F.Mask)
      (net 1 GND))
    (pad 14 smd rect (at 5 12 270) (size 1 1.8) (layers F.Cu F.Paste F.Mask)
      (net 41 "Net-(U2-Pad14)"))
    (pad 13 smd rect (at 3 12 270) (size 1 1.8) (layers F.Cu F.Paste F.Mask)
      (net 42 "Net-(U2-Pad13)"))
    (pad 12 smd rect (at 1 12 270) (size 1 1.8) (layers F.Cu F.Paste F.Mask)
      (net 43 "Net-(U2-Pad12)"))
    (pad 11 smd rect (at -1 12 270) (size 1 1.8) (layers F.Cu F.Paste F.Mask)
      (net 44 "Net-(U2-Pad11)"))
    (pad 10 smd rect (at -3 12 270) (size 1 1.8) (layers F.Cu F.Paste F.Mask)
      (net 45 "Net-(U2-Pad10)"))
    (pad 9 smd rect (at -5 12 270) (size 1 1.8) (layers F.Cu F.Paste F.Mask)
      (net 46 "Net-(U2-Pad9)"))
    (pad 8 smd rect (at -7.6 10.5 270) (size 2.5 1) (layers F.Cu F.Paste F.Mask)
      (net 3 +3V3))
    (pad 7 smd rect (at -7.6 8.5 270) (size 2.5 1) (layers F.Cu F.Paste F.Mask)
      (net 36 HOLD_CMOS))
    (pad 6 smd rect (at -7.6 6.5 270) (size 2.5 1) (layers F.Cu F.Paste F.Mask)
      (net 35 DATA_CMOS))
    (pad 5 smd rect (at -7.6 4.5 270) (size 2.5 1) (layers F.Cu F.Paste F.Mask)
      (net 37 CLK_CMOS))
    (pad 4 smd rect (at -7.6 2.5 270) (size 2.5 1) (layers F.Cu F.Paste F.Mask)
      (net 11 "Net-(IC1-Pad6)"))
    (pad 3 smd rect (at -7.6 0.5 270) (size 2.5 1) (layers F.Cu F.Paste F.Mask)
      (net 39 "Net-(R8-Pad2)"))
    (pad 2 smd rect (at -7.6 -1.5 270) (size 2.5 1) (layers F.Cu F.Paste F.Mask)
      (net 38 "Net-(R7-Pad1)"))
    (pad 1 smd rect (at -7.6 -3.5 270) (size 2.5 1) (layers F.Cu F.Paste F.Mask)
      (net 47 "Net-(R9-Pad2)"))
    (model ${KISYS3DMOD}/RF_Module.3dshapes/ESP-12E.wrl
      (at (xyz 0 0 0))
      (scale (xyz 1 1 1))
      (rotate (xyz 0 0 0))
    )
  )

  (module Resistor_SMD:R_0603_1608Metric (layer F.Cu) (tedit 5F68FEEE) (tstamp 5FF13475)
    (at 146.558 83.8835)
    (descr "Resistor SMD 0603 (1608 Metric), square (rectangular) end terminal, IPC_7351 nominal, (Body size source: IPC-SM-782 page 72, https://www.pcb-3d.com/wordpress/wp-content/uploads/ipc-sm-782a_amendment_1_and_2.pdf), generated with kicad-footprint-generator")
    (tags resistor)
    (path /5FF004DC)
    (attr smd)
    (fp_text reference R14 (at 2.9845 0) (layer F.SilkS)
      (effects (font (size 1 1) (thickness 0.15)))
    )
    (fp_text value 1K (at 0 1.43) (layer F.Fab)
      (effects (font (size 1 1) (thickness 0.15)))
    )
    (fp_line (start -0.8 0.4125) (end -0.8 -0.4125) (layer F.Fab) (width 0.1))
    (fp_line (start -0.8 -0.4125) (end 0.8 -0.4125) (layer F.Fab) (width 0.1))
    (fp_line (start 0.8 -0.4125) (end 0.8 0.4125) (layer F.Fab) (width 0.1))
    (fp_line (start 0.8 0.4125) (end -0.8 0.4125) (layer F.Fab) (width 0.1))
    (fp_line (start -0.237258 -0.5225) (end 0.237258 -0.5225) (layer F.SilkS) (width 0.12))
    (fp_line (start -0.237258 0.5225) (end 0.237258 0.5225) (layer F.SilkS) (width 0.12))
    (fp_line (start -1.48 0.73) (end -1.48 -0.73) (layer F.CrtYd) (width 0.05))
    (fp_line (start -1.48 -0.73) (end 1.48 -0.73) (layer F.CrtYd) (width 0.05))
    (fp_line (start 1.48 -0.73) (end 1.48 0.73) (layer F.CrtYd) (width 0.05))
    (fp_line (start 1.48 0.73) (end -1.48 0.73) (layer F.CrtYd) (width 0.05))
    (fp_text user %R (at 0 0) (layer F.Fab)
      (effects (font (size 0.4 0.4) (thickness 0.06)))
    )
    (pad 1 smd roundrect (at -0.825 0) (size 0.8 0.95) (layers F.Cu F.Paste F.Mask) (roundrect_rratio 0.25)
      (net 2 +5V))
    (pad 2 smd roundrect (at 0.825 0) (size 0.8 0.95) (layers F.Cu F.Paste F.Mask) (roundrect_rratio 0.25)
      (net 29 "Net-(IC3-Pad10)"))
    (model ${KISYS3DMOD}/Resistor_SMD.3dshapes/R_0603_1608Metric.wrl
      (at (xyz 0 0 0))
      (scale (xyz 1 1 1))
      (rotate (xyz 0 0 0))
    )
  )

  (module Resistor_SMD:R_0603_1608Metric (layer F.Cu) (tedit 5F68FEEE) (tstamp 5FF13445)
    (at 181.483 104.585 90)
    (descr "Resistor SMD 0603 (1608 Metric), square (rectangular) end terminal, IPC_7351 nominal, (Body size source: IPC-SM-782 page 72, https://www.pcb-3d.com/wordpress/wp-content/uploads/ipc-sm-782a_amendment_1_and_2.pdf), generated with kicad-footprint-generator")
    (tags resistor)
    (path /60021675)
    (attr smd)
    (fp_text reference R12 (at -0.19 -1.27 90) (layer F.SilkS)
      (effects (font (size 1 1) (thickness 0.15)))
    )
    (fp_text value 10K (at 0 1.43 90) (layer F.Fab)
      (effects (font (size 1 1) (thickness 0.15)))
    )
    (fp_line (start 1.48 0.73) (end -1.48 0.73) (layer F.CrtYd) (width 0.05))
    (fp_line (start 1.48 -0.73) (end 1.48 0.73) (layer F.CrtYd) (width 0.05))
    (fp_line (start -1.48 -0.73) (end 1.48 -0.73) (layer F.CrtYd) (width 0.05))
    (fp_line (start -1.48 0.73) (end -1.48 -0.73) (layer F.CrtYd) (width 0.05))
    (fp_line (start -0.237258 0.5225) (end 0.237258 0.5225) (layer F.SilkS) (width 0.12))
    (fp_line (start -0.237258 -0.5225) (end 0.237258 -0.5225) (layer F.SilkS) (width 0.12))
    (fp_line (start 0.8 0.4125) (end -0.8 0.4125) (layer F.Fab) (width 0.1))
    (fp_line (start 0.8 -0.4125) (end 0.8 0.4125) (layer F.Fab) (width 0.1))
    (fp_line (start -0.8 -0.4125) (end 0.8 -0.4125) (layer F.Fab) (width 0.1))
    (fp_line (start -0.8 0.4125) (end -0.8 -0.4125) (layer F.Fab) (width 0.1))
    (fp_text user %R (at 0 0 90) (layer F.Fab)
      (effects (font (size 0.4 0.4) (thickness 0.06)))
    )
    (pad 2 smd roundrect (at 0.825 0 90) (size 0.8 0.95) (layers F.Cu F.Paste F.Mask) (roundrect_rratio 0.25)
      (net 40 "Net-(R12-Pad2)"))
    (pad 1 smd roundrect (at -0.825 0 90) (size 0.8 0.95) (layers F.Cu F.Paste F.Mask) (roundrect_rratio 0.25)
      (net 3 +3V3))
    (model ${KISYS3DMOD}/Resistor_SMD.3dshapes/R_0603_1608Metric.wrl
      (at (xyz 0 0 0))
      (scale (xyz 1 1 1))
      (rotate (xyz 0 0 0))
    )
  )

  (module Resistor_SMD:R_0603_1608Metric (layer F.Cu) (tedit 5F68FEEE) (tstamp 5FF13415)
    (at 183.3245 104.584 90)
    (descr "Resistor SMD 0603 (1608 Metric), square (rectangular) end terminal, IPC_7351 nominal, (Body size source: IPC-SM-782 page 72, https://www.pcb-3d.com/wordpress/wp-content/uploads/ipc-sm-782a_amendment_1_and_2.pdf), generated with kicad-footprint-generator")
    (tags resistor)
    (path /60020ECE)
    (attr smd)
    (fp_text reference R11 (at -0.064 1.397 90) (layer F.SilkS)
      (effects (font (size 1 1) (thickness 0.15)))
    )
    (fp_text value 10K (at 0 1.43 90) (layer F.Fab)
      (effects (font (size 1 1) (thickness 0.15)))
    )
    (fp_line (start 1.48 0.73) (end -1.48 0.73) (layer F.CrtYd) (width 0.05))
    (fp_line (start 1.48 -0.73) (end 1.48 0.73) (layer F.CrtYd) (width 0.05))
    (fp_line (start -1.48 -0.73) (end 1.48 -0.73) (layer F.CrtYd) (width 0.05))
    (fp_line (start -1.48 0.73) (end -1.48 -0.73) (layer F.CrtYd) (width 0.05))
    (fp_line (start -0.237258 0.5225) (end 0.237258 0.5225) (layer F.SilkS) (width 0.12))
    (fp_line (start -0.237258 -0.5225) (end 0.237258 -0.5225) (layer F.SilkS) (width 0.12))
    (fp_line (start 0.8 0.4125) (end -0.8 0.4125) (layer F.Fab) (width 0.1))
    (fp_line (start 0.8 -0.4125) (end 0.8 0.4125) (layer F.Fab) (width 0.1))
    (fp_line (start -0.8 -0.4125) (end 0.8 -0.4125) (layer F.Fab) (width 0.1))
    (fp_line (start -0.8 0.4125) (end -0.8 -0.4125) (layer F.Fab) (width 0.1))
    (fp_text user %R (at 0 0 90) (layer F.Fab)
      (effects (font (size 0.4 0.4) (thickness 0.06)))
    )
    (pad 2 smd roundrect (at 0.825 0 90) (size 0.8 0.95) (layers F.Cu F.Paste F.Mask) (roundrect_rratio 0.25)
      (net 21 "Net-(IC2-Pad6)"))
    (pad 1 smd roundrect (at -0.825 0 90) (size 0.8 0.95) (layers F.Cu F.Paste F.Mask) (roundrect_rratio 0.25)
      (net 3 +3V3))
    (model ${KISYS3DMOD}/Resistor_SMD.3dshapes/R_0603_1608Metric.wrl
      (at (xyz 0 0 0))
      (scale (xyz 1 1 1))
      (rotate (xyz 0 0 0))
    )
  )

  (module Resistor_SMD:R_0603_1608Metric (layer F.Cu) (tedit 5F68FEEE) (tstamp 5FF133E5)
    (at 192.2775 83.947 180)
    (descr "Resistor SMD 0603 (1608 Metric), square (rectangular) end terminal, IPC_7351 nominal, (Body size source: IPC-SM-782 page 72, https://www.pcb-3d.com/wordpress/wp-content/uploads/ipc-sm-782a_amendment_1_and_2.pdf), generated with kicad-footprint-generator")
    (tags resistor)
    (path /60074B12)
    (attr smd)
    (fp_text reference R9 (at -2.35 -0.0635) (layer F.SilkS)
      (effects (font (size 1 1) (thickness 0.15)))
    )
    (fp_text value 10K (at 0 1.43) (layer F.Fab)
      (effects (font (size 1 1) (thickness 0.15)))
    )
    (fp_line (start 1.48 0.73) (end -1.48 0.73) (layer F.CrtYd) (width 0.05))
    (fp_line (start 1.48 -0.73) (end 1.48 0.73) (layer F.CrtYd) (width 0.05))
    (fp_line (start -1.48 -0.73) (end 1.48 -0.73) (layer F.CrtYd) (width 0.05))
    (fp_line (start -1.48 0.73) (end -1.48 -0.73) (layer F.CrtYd) (width 0.05))
    (fp_line (start -0.237258 0.5225) (end 0.237258 0.5225) (layer F.SilkS) (width 0.12))
    (fp_line (start -0.237258 -0.5225) (end 0.237258 -0.5225) (layer F.SilkS) (width 0.12))
    (fp_line (start 0.8 0.4125) (end -0.8 0.4125) (layer F.Fab) (width 0.1))
    (fp_line (start 0.8 -0.4125) (end 0.8 0.4125) (layer F.Fab) (width 0.1))
    (fp_line (start -0.8 -0.4125) (end 0.8 -0.4125) (layer F.Fab) (width 0.1))
    (fp_line (start -0.8 0.4125) (end -0.8 -0.4125) (layer F.Fab) (width 0.1))
    (fp_text user %R (at 0 0) (layer F.Fab)
      (effects (font (size 0.4 0.4) (thickness 0.06)))
    )
    (pad 2 smd roundrect (at 0.825 0 180) (size 0.8 0.95) (layers F.Cu F.Paste F.Mask) (roundrect_rratio 0.25)
      (net 47 "Net-(R9-Pad2)"))
    (pad 1 smd roundrect (at -0.825 0 180) (size 0.8 0.95) (layers F.Cu F.Paste F.Mask) (roundrect_rratio 0.25)
      (net 3 +3V3))
    (model ${KISYS3DMOD}/Resistor_SMD.3dshapes/R_0603_1608Metric.wrl
      (at (xyz 0 0 0))
      (scale (xyz 1 1 1))
      (rotate (xyz 0 0 0))
    )
  )

  (module Resistor_SMD:R_0603_1608Metric (layer F.Cu) (tedit 5F68FEEE) (tstamp 5FF133B5)
    (at 186.1815 83.947)
    (descr "Resistor SMD 0603 (1608 Metric), square (rectangular) end terminal, IPC_7351 nominal, (Body size source: IPC-SM-782 page 72, https://www.pcb-3d.com/wordpress/wp-content/uploads/ipc-sm-782a_amendment_1_and_2.pdf), generated with kicad-footprint-generator")
    (tags resistor)
    (path /60081E76)
    (attr smd)
    (fp_text reference R8 (at -2.603 0) (layer F.SilkS)
      (effects (font (size 1 1) (thickness 0.15)))
    )
    (fp_text value 10K (at 0 1.43) (layer F.Fab)
      (effects (font (size 1 1) (thickness 0.15)))
    )
    (fp_line (start 1.48 0.73) (end -1.48 0.73) (layer F.CrtYd) (width 0.05))
    (fp_line (start 1.48 -0.73) (end 1.48 0.73) (layer F.CrtYd) (width 0.05))
    (fp_line (start -1.48 -0.73) (end 1.48 -0.73) (layer F.CrtYd) (width 0.05))
    (fp_line (start -1.48 0.73) (end -1.48 -0.73) (layer F.CrtYd) (width 0.05))
    (fp_line (start -0.237258 0.5225) (end 0.237258 0.5225) (layer F.SilkS) (width 0.12))
    (fp_line (start -0.237258 -0.5225) (end 0.237258 -0.5225) (layer F.SilkS) (width 0.12))
    (fp_line (start 0.8 0.4125) (end -0.8 0.4125) (layer F.Fab) (width 0.1))
    (fp_line (start 0.8 -0.4125) (end 0.8 0.4125) (layer F.Fab) (width 0.1))
    (fp_line (start -0.8 -0.4125) (end 0.8 -0.4125) (layer F.Fab) (width 0.1))
    (fp_line (start -0.8 0.4125) (end -0.8 -0.4125) (layer F.Fab) (width 0.1))
    (fp_text user %R (at 0 0) (layer F.Fab)
      (effects (font (size 0.4 0.4) (thickness 0.06)))
    )
    (pad 2 smd roundrect (at 0.825 0) (size 0.8 0.95) (layers F.Cu F.Paste F.Mask) (roundrect_rratio 0.25)
      (net 39 "Net-(R8-Pad2)"))
    (pad 1 smd roundrect (at -0.825 0) (size 0.8 0.95) (layers F.Cu F.Paste F.Mask) (roundrect_rratio 0.25)
      (net 3 +3V3))
    (model ${KISYS3DMOD}/Resistor_SMD.3dshapes/R_0603_1608Metric.wrl
      (at (xyz 0 0 0))
      (scale (xyz 1 1 1))
      (rotate (xyz 0 0 0))
    )
  )

  (module Capacitor_SMD:C_0603_1608Metric (layer F.Cu) (tedit 5F68FEEE) (tstamp 5FF13385)
    (at 169.8495 105.156 180)
    (descr "Capacitor SMD 0603 (1608 Metric), square (rectangular) end terminal, IPC_7351 nominal, (Body size source: IPC-SM-782 page 76, https://www.pcb-3d.com/wordpress/wp-content/uploads/ipc-sm-782a_amendment_1_and_2.pdf), generated with kicad-footprint-generator")
    (tags capacitor)
    (path /5FE95E32)
    (attr smd)
    (fp_text reference C3 (at -2.7435 0) (layer F.SilkS)
      (effects (font (size 1 1) (thickness 0.15)))
    )
    (fp_text value 100nF (at 0 1.43) (layer F.Fab)
      (effects (font (size 1 1) (thickness 0.15)))
    )
    (fp_line (start 1.48 0.73) (end -1.48 0.73) (layer F.CrtYd) (width 0.05))
    (fp_line (start 1.48 -0.73) (end 1.48 0.73) (layer F.CrtYd) (width 0.05))
    (fp_line (start -1.48 -0.73) (end 1.48 -0.73) (layer F.CrtYd) (width 0.05))
    (fp_line (start -1.48 0.73) (end -1.48 -0.73) (layer F.CrtYd) (width 0.05))
    (fp_line (start -0.14058 0.51) (end 0.14058 0.51) (layer F.SilkS) (width 0.12))
    (fp_line (start -0.14058 -0.51) (end 0.14058 -0.51) (layer F.SilkS) (width 0.12))
    (fp_line (start 0.8 0.4) (end -0.8 0.4) (layer F.Fab) (width 0.1))
    (fp_line (start 0.8 -0.4) (end 0.8 0.4) (layer F.Fab) (width 0.1))
    (fp_line (start -0.8 -0.4) (end 0.8 -0.4) (layer F.Fab) (width 0.1))
    (fp_line (start -0.8 0.4) (end -0.8 -0.4) (layer F.Fab) (width 0.1))
    (fp_text user %R (at 0 0) (layer F.Fab)
      (effects (font (size 0.4 0.4) (thickness 0.06)))
    )
    (pad 2 smd roundrect (at 0.775 0 180) (size 0.9 0.95) (layers F.Cu F.Paste F.Mask) (roundrect_rratio 0.25)
      (net 1 GND))
    (pad 1 smd roundrect (at -0.775 0 180) (size 0.9 0.95) (layers F.Cu F.Paste F.Mask) (roundrect_rratio 0.25)
      (net 3 +3V3))
    (model ${KISYS3DMOD}/Capacitor_SMD.3dshapes/C_0603_1608Metric.wrl
      (at (xyz 0 0 0))
      (scale (xyz 1 1 1))
      (rotate (xyz 0 0 0))
    )
  )

  (module Connector_JST:JST_VH_B5P-VH-B_1x05_P3.96mm_Vertical locked (layer F.Cu) (tedit 5D12549C) (tstamp 5FF052AF)
    (at 119.5705 86.614 270)
    (descr "JST VH PBT series connector, B5P-VH-B (http://www.jst-mfg.com/product/pdf/eng/eVH.pdf), generated with kicad-footprint-generator")
    (tags "connector JST VH vertical")
    (path /5FE8C5DC)
    (fp_text reference J1 (at 7.92 -4.9 90) (layer F.SilkS)
      (effects (font (size 1 1) (thickness 0.15)))
    )
    (fp_text value Conn_01x05_Male (at 7.92 6 90) (layer F.Fab)
      (effects (font (size 1 1) (thickness 0.15)))
    )
    (fp_line (start -1.95 -2) (end -1.95 4.8) (layer F.Fab) (width 0.1))
    (fp_line (start -1.95 4.8) (end 17.79 4.8) (layer F.Fab) (width 0.1))
    (fp_line (start 17.79 4.8) (end 17.79 -2) (layer F.Fab) (width 0.1))
    (fp_line (start 17.79 -2) (end -1.95 -2) (layer F.Fab) (width 0.1))
    (fp_line (start -0.75 -2) (end -0.75 -3.7) (layer F.Fab) (width 0.1))
    (fp_line (start -0.75 -3.7) (end 16.59 -3.7) (layer F.Fab) (width 0.1))
    (fp_line (start 16.59 -3.7) (end 16.59 -2) (layer F.Fab) (width 0.1))
    (fp_line (start -1.95 -1) (end -0.95 0) (layer F.Fab) (width 0.1))
    (fp_line (start -1.95 1) (end -0.95 0) (layer F.Fab) (width 0.1))
    (fp_line (start -2.45 -4.2) (end -2.45 5.3) (layer F.CrtYd) (width 0.05))
    (fp_line (start -2.45 5.3) (end 18.29 5.3) (layer F.CrtYd) (width 0.05))
    (fp_line (start 18.29 5.3) (end 18.29 -4.2) (layer F.CrtYd) (width 0.05))
    (fp_line (start 18.29 -4.2) (end -2.45 -4.2) (layer F.CrtYd) (width 0.05))
    (fp_line (start -2.06 4.91) (end -2.06 -2.11) (layer F.SilkS) (width 0.12))
    (fp_line (start -2.06 -2.11) (end -0.86 -2.11) (layer F.SilkS) (width 0.12))
    (fp_line (start -0.86 -2.11) (end -0.86 -3.81) (layer F.SilkS) (width 0.12))
    (fp_line (start -0.86 -3.81) (end 16.7 -3.81) (layer F.SilkS) (width 0.12))
    (fp_line (start 16.7 -3.81) (end 16.7 -2.11) (layer F.SilkS) (width 0.12))
    (fp_line (start 16.7 -2.11) (end 17.9 -2.11) (layer F.SilkS) (width 0.12))
    (fp_line (start 17.9 -2.11) (end 17.9 4.91) (layer F.SilkS) (width 0.12))
    (fp_line (start 17.9 4.91) (end -2.06 4.91) (layer F.SilkS) (width 0.12))
    (fp_line (start -2.26 0) (end -2.86 0.3) (layer F.SilkS) (width 0.12))
    (fp_line (start -2.86 0.3) (end -2.86 -0.3) (layer F.SilkS) (width 0.12))
    (fp_line (start -2.86 -0.3) (end -2.26 0) (layer F.SilkS) (width 0.12))
    (fp_text user %R (at 7.92 4.1 90) (layer F.Fab)
      (effects (font (size 1 1) (thickness 0.15)))
    )
    (pad 5 thru_hole circle (at 15.84 0 270) (size 2.7 2.7) (drill 1.7) (layers *.Cu *.Mask)
      (net 2 +5V))
    (pad 4 thru_hole circle (at 11.88 0 270) (size 2.7 2.7) (drill 1.7) (layers *.Cu *.Mask)
      (net 1 GND))
    (pad 3 thru_hole circle (at 7.92 0 270) (size 2.7 2.7) (drill 1.7) (layers *.Cu *.Mask)
      (net 26 DATA_TTL))
    (pad 2 thru_hole circle (at 3.96 0 270) (size 2.7 2.7) (drill 1.7) (layers *.Cu *.Mask)
      (net 27 HOLD_TTL))
    (pad 1 thru_hole roundrect (at 0 0 270) (size 2.7 2.7) (drill 1.7) (layers *.Cu *.Mask) (roundrect_rratio 0.09259296296296296)
      (net 28 CLK_TTL))
    (model ${KISYS3DMOD}/Connector_JST.3dshapes/JST_VH_B5P-VH-B_1x05_P3.96mm_Vertical.wrl
      (at (xyz 0 0 0))
      (scale (xyz 1 1 1))
      (rotate (xyz 0 0 0))
    )
  )

  (module Package_TO_SOT_SMD:SOT-223-3_TabPin2 (layer F.Cu) (tedit 5A02FF57) (tstamp 5FF132E8)
    (at 170.028 100.57)
    (descr "module CMS SOT223 4 pins")
    (tags "CMS SOT")
    (path /5FE8FE14)
    (attr smd)
    (fp_text reference U1 (at 0.025 -0.24) (layer F.SilkS)
      (effects (font (size 1 1) (thickness 0.15)))
    )
    (fp_text value AMS1117-3.3 (at 0 4.5) (layer F.Fab)
      (effects (font (size 1 1) (thickness 0.15)))
    )
    (fp_line (start 1.85 -3.35) (end 1.85 3.35) (layer F.Fab) (width 0.1))
    (fp_line (start -1.85 3.35) (end 1.85 3.35) (layer F.Fab) (width 0.1))
    (fp_line (start -4.1 -3.41) (end 1.91 -3.41) (layer F.SilkS) (width 0.12))
    (fp_line (start -0.85 -3.35) (end 1.85 -3.35) (layer F.Fab) (width 0.1))
    (fp_line (start -1.85 3.41) (end 1.91 3.41) (layer F.SilkS) (width 0.12))
    (fp_line (start -1.85 -2.35) (end -1.85 3.35) (layer F.Fab) (width 0.1))
    (fp_line (start -1.85 -2.35) (end -0.85 -3.35) (layer F.Fab) (width 0.1))
    (fp_line (start -4.4 -3.6) (end -4.4 3.6) (layer F.CrtYd) (width 0.05))
    (fp_line (start -4.4 3.6) (end 4.4 3.6) (layer F.CrtYd) (width 0.05))
    (fp_line (start 4.4 3.6) (end 4.4 -3.6) (layer F.CrtYd) (width 0.05))
    (fp_line (start 4.4 -3.6) (end -4.4 -3.6) (layer F.CrtYd) (width 0.05))
    (fp_line (start 1.91 -3.41) (end 1.91 -2.15) (layer F.SilkS) (width 0.12))
    (fp_line (start 1.91 3.41) (end 1.91 2.15) (layer F.SilkS) (width 0.12))
    (fp_text user %R (at 0 0 90) (layer F.Fab)
      (effects (font (size 0.8 0.8) (thickness 0.12)))
    )
    (pad 1 smd rect (at -3.15 -2.3) (size 2 1.5) (layers F.Cu F.Paste F.Mask)
      (net 1 GND))
    (pad 3 smd rect (at -3.15 2.3) (size 2 1.5) (layers F.Cu F.Paste F.Mask)
      (net 2 +5V))
    (pad 2 smd rect (at -3.15 0) (size 2 1.5) (layers F.Cu F.Paste F.Mask)
      (net 3 +3V3))
    (pad 2 smd rect (at 3.15 0) (size 2 3.8) (layers F.Cu F.Paste F.Mask)
      (net 3 +3V3))
    (model ${KISYS3DMOD}/Package_TO_SOT_SMD.3dshapes/SOT-223.wrl
      (at (xyz 0 0 0))
      (scale (xyz 1 1 1))
      (rotate (xyz 0 0 0))
    )
  )

  (module Resistor_SMD:R_0603_1608Metric (layer F.Cu) (tedit 5F68FEEE) (tstamp 5FF132B3)
    (at 127.0635 83.8835 180)
    (descr "Resistor SMD 0603 (1608 Metric), square (rectangular) end terminal, IPC_7351 nominal, (Body size source: IPC-SM-782 page 72, https://www.pcb-3d.com/wordpress/wp-content/uploads/ipc-sm-782a_amendment_1_and_2.pdf), generated with kicad-footprint-generator")
    (tags resistor)
    (path /5FF7256A)
    (attr smd)
    (fp_text reference R13 (at -2.9845 -0.0635) (layer F.SilkS)
      (effects (font (size 1 1) (thickness 0.15)))
    )
    (fp_text value 1K (at 0 1.43) (layer F.Fab)
      (effects (font (size 1 1) (thickness 0.15)))
    )
    (fp_line (start 1.48 0.73) (end -1.48 0.73) (layer F.CrtYd) (width 0.05))
    (fp_line (start 1.48 -0.73) (end 1.48 0.73) (layer F.CrtYd) (width 0.05))
    (fp_line (start -1.48 -0.73) (end 1.48 -0.73) (layer F.CrtYd) (width 0.05))
    (fp_line (start -1.48 0.73) (end -1.48 -0.73) (layer F.CrtYd) (width 0.05))
    (fp_line (start -0.237258 0.5225) (end 0.237258 0.5225) (layer F.SilkS) (width 0.12))
    (fp_line (start -0.237258 -0.5225) (end 0.237258 -0.5225) (layer F.SilkS) (width 0.12))
    (fp_line (start 0.8 0.4125) (end -0.8 0.4125) (layer F.Fab) (width 0.1))
    (fp_line (start 0.8 -0.4125) (end 0.8 0.4125) (layer F.Fab) (width 0.1))
    (fp_line (start -0.8 -0.4125) (end 0.8 -0.4125) (layer F.Fab) (width 0.1))
    (fp_line (start -0.8 0.4125) (end -0.8 -0.4125) (layer F.Fab) (width 0.1))
    (fp_text user %R (at 0 0) (layer F.Fab)
      (effects (font (size 0.4 0.4) (thickness 0.06)))
    )
    (pad 2 smd roundrect (at 0.825 0 180) (size 0.8 0.95) (layers F.Cu F.Paste F.Mask) (roundrect_rratio 0.25)
      (net 31 "Net-(IC4-Pad10)"))
    (pad 1 smd roundrect (at -0.825 0 180) (size 0.8 0.95) (layers F.Cu F.Paste F.Mask) (roundrect_rratio 0.25)
      (net 2 +5V))
    (model ${KISYS3DMOD}/Resistor_SMD.3dshapes/R_0603_1608Metric.wrl
      (at (xyz 0 0 0))
      (scale (xyz 1 1 1))
      (rotate (xyz 0 0 0))
    )
  )

  (module Resistor_SMD:R_0603_1608Metric (layer F.Cu) (tedit 5F68FEEE) (tstamp 5FF13283)
    (at 178.244 103.759 180)
    (descr "Resistor SMD 0603 (1608 Metric), square (rectangular) end terminal, IPC_7351 nominal, (Body size source: IPC-SM-782 page 72, https://www.pcb-3d.com/wordpress/wp-content/uploads/ipc-sm-782a_amendment_1_and_2.pdf), generated with kicad-footprint-generator")
    (tags resistor)
    (path /600BEBDC)
    (attr smd)
    (fp_text reference R10 (at 0.317 -1.524 180) (layer F.SilkS)
      (effects (font (size 1 1) (thickness 0.15)))
    )
    (fp_text value 10K (at 0 1.43) (layer F.Fab)
      (effects (font (size 1 1) (thickness 0.15)))
    )
    (fp_line (start 1.48 0.73) (end -1.48 0.73) (layer F.CrtYd) (width 0.05))
    (fp_line (start 1.48 -0.73) (end 1.48 0.73) (layer F.CrtYd) (width 0.05))
    (fp_line (start -1.48 -0.73) (end 1.48 -0.73) (layer F.CrtYd) (width 0.05))
    (fp_line (start -1.48 0.73) (end -1.48 -0.73) (layer F.CrtYd) (width 0.05))
    (fp_line (start -0.237258 0.5225) (end 0.237258 0.5225) (layer F.SilkS) (width 0.12))
    (fp_line (start -0.237258 -0.5225) (end 0.237258 -0.5225) (layer F.SilkS) (width 0.12))
    (fp_line (start 0.8 0.4125) (end -0.8 0.4125) (layer F.Fab) (width 0.1))
    (fp_line (start 0.8 -0.4125) (end 0.8 0.4125) (layer F.Fab) (width 0.1))
    (fp_line (start -0.8 -0.4125) (end 0.8 -0.4125) (layer F.Fab) (width 0.1))
    (fp_line (start -0.8 0.4125) (end -0.8 -0.4125) (layer F.Fab) (width 0.1))
    (fp_text user %R (at 0 0) (layer F.Fab)
      (effects (font (size 0.4 0.4) (thickness 0.06)))
    )
    (pad 2 smd roundrect (at 0.825 0 180) (size 0.8 0.95) (layers F.Cu F.Paste F.Mask) (roundrect_rratio 0.25)
      (net 1 GND))
    (pad 1 smd roundrect (at -0.825 0 180) (size 0.8 0.95) (layers F.Cu F.Paste F.Mask) (roundrect_rratio 0.25)
      (net 10 "Net-(IC1-Pad9)"))
    (model ${KISYS3DMOD}/Resistor_SMD.3dshapes/R_0603_1608Metric.wrl
      (at (xyz 0 0 0))
      (scale (xyz 1 1 1))
      (rotate (xyz 0 0 0))
    )
  )

  (module Resistor_SMD:R_0603_1608Metric locked (layer F.Cu) (tedit 5F68FEEE) (tstamp 5FF13253)
    (at 171.45 85.662 90)
    (descr "Resistor SMD 0603 (1608 Metric), square (rectangular) end terminal, IPC_7351 nominal, (Body size source: IPC-SM-782 page 72, https://www.pcb-3d.com/wordpress/wp-content/uploads/ipc-sm-782a_amendment_1_and_2.pdf), generated with kicad-footprint-generator")
    (tags resistor)
    (path /5FEBB7A8)
    (attr smd)
    (fp_text reference R6 (at 0.1275 1.5875 90) (layer F.SilkS)
      (effects (font (size 1 1) (thickness 0.15)))
    )
    (fp_text value 10K (at 0 1.43 90) (layer F.Fab)
      (effects (font (size 1 1) (thickness 0.15)))
    )
    (fp_line (start 1.48 0.73) (end -1.48 0.73) (layer F.CrtYd) (width 0.05))
    (fp_line (start 1.48 -0.73) (end 1.48 0.73) (layer F.CrtYd) (width 0.05))
    (fp_line (start -1.48 -0.73) (end 1.48 -0.73) (layer F.CrtYd) (width 0.05))
    (fp_line (start -1.48 0.73) (end -1.48 -0.73) (layer F.CrtYd) (width 0.05))
    (fp_line (start -0.237258 0.5225) (end 0.237258 0.5225) (layer F.SilkS) (width 0.12))
